Time : 6.376 297 0 1500
Nodes : 8966.002 299039 50 1500
MaxDepth : 57.33733 62 50 1500
MaxBranch : 2.5033336 5 1 1500
